[1,["c0DJX+lctNtJuzAa9LdWDF","1brw/JvvpFnIvdrxpFCgMZ","743L5AAwRBQIHNxIcnV38w","285jgXrjJFF5KJZ2DPabq1@12496","bcjfHAO5JLQrohB5EQG8HN@6c48a","285jgXrjJFF5KJZ2DPabq1@3eea5","285jgXrjJFF5KJZ2DPabq1@438fe","285jgXrjJFF5KJZ2DPabq1@34918","285jgXrjJFF5KJZ2DPabq1@89933","285jgXrjJFF5KJZ2DPabq1@1f586","285jgXrjJFF5KJZ2DPabq1@cf5ee","285jgXrjJFF5KJZ2DPabq1@151e9","285jgXrjJFF5KJZ2DPabq1@13c14","285jgXrjJFF5KJZ2DPabq1@07a11","285jgXrjJFF5KJZ2DPabq1@67bfe","285jgXrjJFF5KJZ2DPabq1@74167","285jgXrjJFF5KJZ2DPabq1@b4251","285jgXrjJFF5KJZ2DPabq1@a9e48","285jgXrjJFF5KJZ2DPabq1@ee525","285jgXrjJFF5KJZ2DPabq1@562d4","285jgXrjJFF5KJZ2DPabq1@34ab7","285jgXrjJFF5KJZ2DPabq1@a2751","285jgXrjJFF5KJZ2DPabq1@56689","efesjFbi9GgrH4Ty566qrz","f70vFFO+xN+KTbgbmNtVeq","49+J8eEWRFY5xyouyY04DL","de8WSOgbpCf5OeHWrVZ0sw","d2N6KPMTtIhZ2DKNSl3jHc","9cBlI4eEdDtoXL5h2WUl5n","62FsSTkJ9L2rbZPEAKylYc","c0Q/ISHHBJNJEzP/GW96p7@6c48a","deLaZjbydIqrsScoyBXj/P@6c48a","aaLEPUraJCQqAARebyQloa@6c48a","7aNcdCM0pOCqDCUL1zK2HD@6c48a","88SoMy585PH6u5tiGQC7ja@6c48a","4fjeG1tVZNc5A4E0dNX2pI@6c48a","8f3KFSjOxIYIu7HwIL0XIq@6c48a","5dQ1KmaqlH3ZkAL8jy71J8@6c48a","73D6LFGuZIwqMdbYltncRe@6c48a","78stwUkB9GoLj9iuhiwLIX@6c48a","7ddORiMs9Hq5bl6rqmplI7@6c48a","e2amnaHLBO0Y1GCsrHfMqU@6c48a","f6lize5CpNlK7Il5jW5x5F@6c48a","54fOyO3W5MAbaWhbrNCk9c@6c48a","2aysC+/flGc5yN+R/o3+16@6c48a","e1twsGrnhHeqUdWlQfkO0J@6c48a","28bxNys41Gl6pu8fSOQr5I@6c48a","acVezqS11BsIMw6t6tZy3J@6c48a","edPOP9D1VIIYizoSFCnQ7J"],["_parent","_effectAsset","node","mainTexture","root","scriptManModel","rigidBodyComPlayer","ndCharacter","targetOrient","currentOrient","data","_mesh","_skeleton","matGreen01","matGreen02","matRed01","matRed02","matYellow01","matYellow02","matInvincible","matGray","_defaultClip"],[["cc.Node",["_name","_prefab","_parent","_lpos","_euler","_lrot","_children","_lscale","_components"],2,4,1,5,5,5,2,5,12],["cc.Node",["_name","_parent","_prefab","_lrot","_euler","_children","_lpos","_components"],2,1,4,5,5,12,5,9],["cc.Mesh",["_native","_hash","_struct"],1,11],["cc.Skeleton",["_name","_hash","_joints","_bindposes"],0,12],["cc.Prefab",["_name"],2],["cc.Node",["_name","_parent","_children","_components","_prefab","_lrot","_euler"],2,1,2,2,4,5,5],["cc.Node",["_name","_parent","_children","_prefab","_lpos","_lrot","_euler"],2,1,9,4,5,5,5],["30bc8fL2bZDI5g0msWuTFUz",["node","__prefab","ndCharacter","rigidBodyComPlayer","scriptManModel","arrTextureHat","arrTextureShoes","matGreen01","matGreen02","matRed01","matRed02","matYellow01","matYellow02","matInvincible","matGray"],3,1,4,1,1,1,3,3,6,6,6,6,6,6,6,6],["cc.CompPrefabInfo",["fileId"],2],["cc.CapsuleCollider",["_radius","_cylinderHeight","node","__prefab","_center"],1,1,4,5],["11e677AIfJD+KuI00NlOr6a",["node","__prefab","currentOrient","targetOrient","speed"],3,1,4,1,1,5],["1da7bZ6jN5ANIgHVO4Fy3r/",["maxSpeed","damping","gravity","node","__prefab"],0,1,4],["86638m3JtxPVakE4cGRBiA5",["group","node","__prefab"],2,1,4],["cc.PrefabInfo",["fileId","instance","targetOverrides","nestedPrefabInstanceRoots","root","asset"],-1,1,1],["cc.SkinnedMeshRenderer",["_shadowCastingMode","node","__prefab","_materials","bakeSettings","_skinningRoot","_mesh","_skeleton"],2,1,4,3,4,1,6,6],["cc.ModelBakeSettings",[],3],["cc.SkeletalAnimation",["node","__prefab","_clips","_sockets"],3,1,4,3,9],["cc.SkeletalAnimation.Socket",["path","target"],2,1],["87686vqOo5LjqqUI1HqDXJ3",["isPlayer","node","__prefab","aniComPlayer","ndSocketHead","ndSocketLeftFinger","ndSocketRightFinger","ndSocketLeftFoot","ndSocketRightFoot"],2,1,4,1,1,1,1,1,1],["cc.RigidBody",["_group","_linearDamping","_angularDamping","_useGravity","node","__prefab","_angularFactor"],-1,1,4,5],["cc.Material",["_name","_states","_defines","_props"],0,12],["cc.EffectAsset",["_name","shaders","techniques"],0]],[[13,0,1,2,3,4,5,5],[0,0,2,6,1,3,5,4,2],[8,0,2],[20,0,1,2,3,4],[6,0,1,2,3,4,5,6,2],[0,0,2,1,3,5,4,2],[17,0,1,2],[0,0,6,1,3,5,4,2],[0,0,2,1,3,5,7,4,2],[0,0,2,1,3,4,2],[0,0,2,1,3,2],[2,0,1,2,3],[3,0,1,2,3,4],[4,0,2],[0,0,6,8,1,3,7,2],[0,0,2,6,1,2],[0,0,2,6,1,5,4,2],[0,0,2,1,5,4,2],[5,0,1,2,3,4,5,6,2],[1,0,1,5,2,6,3,4,2],[1,0,1,7,2,3,4,2],[7,0,1,2,3,4,5,6,7,8,9,10,11,12,13,14,1],[9,0,1,2,3,4,3],[10,0,1,2,3,4,1],[11,0,1,2,3,4,4],[12,0,1,2,2],[14,0,1,2,3,4,5,6,7,2],[15,1],[16,0,1,2,3,1],[18,0,1,2,3,4,5,6,7,8,2],[19,0,1,2,3,4,5,6,5],[21,0,1,2,4]],[[[[11,".bin",3416399771,[{"primitives":[{"primitiveMode":7,"jointMapIndex":0,"vertexBundelIndices":[0],"indexView":{"offset":59760,"length":9936,"count":4968,"stride":2}}],"vertexBundles":[{"view":{"offset":0,"length":59760,"count":830,"stride":72},"attributes":[{"name":"a_position","format":32,"isNormalized":false},{"name":"a_normal","format":32,"isNormalized":false},{"name":"a_texCoord","format":21,"isNormalized":false},{"name":"a_tangent","format":44,"isNormalized":false},{"name":"a_joints","format":42,"isNormalized":false},{"name":"a_weights","format":44,"isNormalized":false}]}],"jointMaps":[[0,1,2,3,4,5,7,8,9,10,11,12,13,14,15,16,17,18,19,20,21,22]]},"minPosition",8,[1,-0.768776535987854,-0.2529343366622925,0.00023487399448640645],"maxPosition",8,[1,0.7687743306159973,0.15839898586273193,1.7426835298538208]]],-1],0,0,[],[],[]],[[[12,"Skin-0",812003988,["RootNode/Bip001/Bip001 Pelvis/Bip001 Spine","RootNode/Bip001/Bip001 Pelvis/Bip001 Spine/Bip001 Spine1","RootNode/Bip001/Bip001 Pelvis","RootNode/Bip001/Bip001 Pelvis/Bip001 Spine/Bip001 L Thigh","RootNode/Bip001/Bip001 Pelvis/Bip001 Spine/Bip001 Spine1/Bip001 Spine2","RootNode/Bip001/Bip001 Pelvis/Bip001 Spine/Bip001 Spine1/Bip001 Spine2/Bip001 Neck/Bip001 L Clavicle/Bip001 L UpperArm","RootNode/Bip001/Bip001 Pelvis/Bip001 Spine/Bip001 Spine1/Bip001 Spine2/Bip001 Neck/Bip001 L Clavicle","RootNode/Bip001/Bip001 Pelvis/Bip001 Spine/Bip001 Spine1/Bip001 Spine2/Bip001 Neck","RootNode/Bip001/Bip001 Pelvis/Bip001 Spine/Bip001 Spine1/Bip001 Spine2/Bip001 Neck/Bip001 Head","RootNode/Bip001/Bip001 Pelvis/Bip001 Spine/Bip001 L Thigh/Bip001 L Calf/Bip001 L Foot","RootNode/Bip001/Bip001 Pelvis/Bip001 Spine/Bip001 L Thigh/Bip001 L Calf","RootNode/Bip001","RootNode/Bip001/Bip001 Pelvis/Bip001 Spine/Bip001 Spine1/Bip001 Spine2/Bip001 Neck/Bip001 L Clavicle/Bip001 L UpperArm/Bip001 L Forearm/Bip001 L Hand","RootNode/Bip001/Bip001 Pelvis/Bip001 Spine/Bip001 Spine1/Bip001 Spine2/Bip001 Neck/Bip001 L Clavicle/Bip001 L UpperArm/Bip001 L Forearm","RootNode/Bip001/Bip001 Pelvis/Bip001 Spine/Bip001 Spine1/Bip001 Spine2/Bip001 Neck/Bip001 L Clavicle/Bip001 L UpperArm/Bip001 L Forearm/Bip001 L Hand/Bip001 L Finger1","RootNode/Bip001/Bip001 Pelvis/Bip001 Spine/Bip001 R Thigh","RootNode/Bip001/Bip001 Pelvis/Bip001 Spine/Bip001 Spine1/Bip001 Spine2/Bip001 Neck/Bip001 R Clavicle/Bip001 R UpperArm","RootNode/Bip001/Bip001 Pelvis/Bip001 Spine/Bip001 R Thigh/Bip001 R Calf/Bip001 R Foot","RootNode/Bip001/Bip001 Pelvis/Bip001 Spine/Bip001 R Thigh/Bip001 R Calf","RootNode/Bip001/Bip001 Pelvis/Bip001 Spine/Bip001 Spine1/Bip001 Spine2/Bip001 Neck/Bip001 R Clavicle/Bip001 R UpperArm/Bip001 R Forearm/Bip001 R Hand","RootNode/Bip001/Bip001 Pelvis/Bip001 Spine/Bip001 Spine1/Bip001 Spine2/Bip001 Neck/Bip001 R Clavicle/Bip001 R UpperArm/Bip001 R Forearm","RootNode/Bip001/Bip001 Pelvis/Bip001 Spine/Bip001 Spine1/Bip001 Spine2/Bip001 Neck/Bip001 R Clavicle/Bip001 R UpperArm/Bip001 R Forearm/Bip001 R Hand/Bip001 R Finger1","RootNode/Bip001/Bip001 Pelvis/Bip001 Spine/Bip001 Spine1/Bip001 Spine2/Bip001 Neck/Bip001 R Clavicle"],[[[7,1.7531381502067234e-7,-0.0000019225622054364067,1,0,-0.0007962880772538483,-0.9999997019767761,-0.0000019224221432523336,0,0.9999995827674866,-0.0007962880772538483,-1.7684467934486747e-7,0,-0.7353165745735168,0.0006829914054833353,1.7403719576591925e-9,1],[7,3.414480715946411e-7,-0.000002460347332089441,1,0,0.03410381078720093,-0.999418318271637,-0.000002470560957590351,0,0.9994182586669922,0.03410381078720093,-2.5734226483109524e-7,0,-0.8572958111763,-0.029136793687939644,7.111619737543151e-8,1],[7,0.000001561645603942452,0.0000027577068522077752,1,0,6.123234262925839e-17,-1,0.0000027577068522077752,0,1,-4.30650003505062e-12,-0.0000015616457176292897,0,-0.6064661741256714,-2.6586960188978992e-8,8.410474947595503e-7,1],[7,0.08367626368999481,-0.015134245157241821,-0.9963780641555786,0,-0.07330974191427231,-0.9972687363624573,0.008991187438368797,0,-0.993792712688446,0.07229187339544296,-0.08455720543861389,0,0.5940243005752563,-0.04227304458618164,0.15460707247257233,1],[7,6.035348292243725e-7,-0.0000036015112527820747,1,0,0.03410392999649048,-0.999418318271637,-0.0000036199992337060394,0,0.9994182586669922,0.03410392999649048,-4.803580964107823e-7,0,-1.0046582221984863,-0.029016554355621338,3.015074128143169e-7,1],[7,0.959538996219635,0.08967259526252747,0.26691535115242004,0,-0.06552186608314514,0.9930203557014465,-0.09806827455759048,0,-0.27384644746780396,0.07661154866218567,0.9587171673774719,0,0.15089398622512817,-0.11304756253957748,-1.1520662307739258,1],[7,0.9961946606636047,8.085143576863629e-7,0.08715640753507614,0,-0.0030425447039306164,0.9993908405303955,0.03476690128445625,0,-0.08710329979658127,-0.03489978238940239,0.9955877661705017,0,0.03966844454407692,0.031132616102695465,-1.1647783517837524,1],[7,4.2277659417777613e-7,-0.000004169643943896517,1,0,-0.2426939457654953,-0.9701029658317566,-0.000003942378498322796,0,0.9701029062271118,-0.2426939755678177,-0.000001422084096702747,0,-1.1807348728179932,0.2983696758747101,0.0000014225952327251434,1],[7,0.000001112628638111346,-0.000006942255367903272,1,0,-0.1564331352710724,-0.9876884818077087,-0.000006682734237983823,0,0.987688422203064,-0.15643315017223358,-0.000002184929599025054,0,-1.291519284248352,0.22647002339363098,0.0000025375213681400055,1],[7,-1.5895228955287166e-7,0.000001370906602460309,-1,0,-6.123234262925839e-17,-1,-0.000001370906602460309,0,-1,-2.1784753634259552e-13,1.5895228955287166e-7,0,0.09136275947093964,0.011451509781181812,0.14751897752285004,1],[7,0.08502310514450073,0.0013552851742133498,-0.9963780641555786,0,0.12118957191705704,-0.9925886988639832,0.008991237729787827,0,-0.9889813661575317,-0.12151508778333664,-0.08455720543861389,0,0.3311309218406677,0.022268859669566154,0.15460707247257233,1],[7,0.000001370906943520822,1,1.7484555314695172e-7,0,-1,0.000001370906943520822,6.123225660247469e-17,0,-2.396357580685543e-13,-1.7484556735780643e-7,1,0,-2.658928011101125e-8,3.641429199190485e-14,-0.6064661741256714,1],[7,0.9330333471298218,-0.35969558358192444,-0.008238140493631363,0,-0.05148189887404442,-0.15613305568695068,0.986393392086029,0,-0.3560876250267029,-0.9199138283729553,-0.16419515013694763,0,-0.17783236503601074,1.159497857093811,0.2005804181098938,1],[7,0.9545978307723999,0.132285013794899,0.26691535115242004,0,-0.1096482053399086,0.9891206622123718,-0.09806828200817108,0,-0.2769845128059387,0.0643489733338356,0.9587171673774719,0,-0.1161360889673233,-0.11833304911851883,-1.1520663499832153,1],[7,0.8598663210868835,-0.5082864165306091,0.04769175499677658,0,-0.14836332201957703,-0.15940912067890167,0.976000189781189,0,-0.4884852468967438,-0.8463058471679688,-0.21248158812522888,0,-0.11659695208072662,1.1894625425338745,0.20938950777053833,1],[7,-0.08311135321855545,0.015096060000360012,-0.9964258074760437,0,-0.07281481474637985,-0.9973044991493225,-0.009035925380885601,0,-0.9938764572143555,0.07180358469486237,0.0839865505695343,0,0.594133734703064,-0.04198116064071655,-0.15426574647426605,1],[7,-0.9609405398368835,-0.08817983418703079,0.2623313069343567,0,-0.036187268793582916,0.9797785878181458,0.19678513705730438,0,-0.27437910437583923,0.17960576713085175,-0.9446998238563538,0,0.1497115045785904,-0.22007662057876587,1.1269171237945557,1],[7,-1.3113415775478643e-7,0.000001370906602460309,-1,0,-6.123234262925839e-17,-1,-0.000001370906602460309,0,-1,-1.7971148386693864e-13,1.3113417196564114e-7,0,0.09134369343519211,0.011708150617778301,-0.14722611010074615,1],[7,-0.08446148782968521,-0.001283331192098558,-0.9964258074760437,0,0.1216820478439331,-0.992527961730957,-0.009036000818014145,0,-0.9889690279960632,-0.12201034277677536,0.0839865505695343,0,0.33118173480033875,0.022576404735445976,-0.15426574647426605,1],[7,-0.9555724859237671,0.2847658097743988,0.07609110325574875,0,-0.084498830139637,-0.01733788102865219,-0.996272623538971,0,-0.2823852002620697,-0.9584402441978455,0.04062997177243233,0,-0.26986953616142273,1.1491501331329346,-0.020345930010080338,1],[7,-0.9560643434524536,-0.13085609674453735,0.2623312771320343,0,-0.07975338399410248,0.9771974682807922,0.19678513705730438,0,-0.28210005164146423,0.167217418551445,-0.9446998238563538,0,-0.11255444586277008,-0.22530868649482727,1.1269171237945557,1],[7,-0.8880987167358398,0.4392875134944916,0.1353045403957367,0,-0.15891441702842712,-0.0172252357006073,-0.987142026424408,0,-0.4313086271286011,-0.8981812596321106,0.08510681986808777,0,-0.19564135372638702,1.196954369544983,-0.022954318672418594,1],[7,-0.9810604453086853,-0.08715488016605377,0.17298687994480133,0,-0.0918387845158577,0.9955878853797913,-0.01924450509250164,0,-0.17054641246795654,-0.03476692736148834,-0.9847360849380493,0,0.13859407603740692,0.025610454380512238,1.1573190689086914,1]],8,8,8,8,8,8,8,8,8,8,8,8,8,8,8,8,8,8,8,8,8,8,8]]],0,0,[],[],[]],[[[13,"player"],[14,"player",[-13,-14],[[-2,[21,-6,[2,"bdLpz0ZWZLN7KldBYjD1Ta"],-5,-4,-3,[28,29,30,31,32,33,34,35,36],[37,38,39,40,41,42,43,44,45],20,21,22,23,24,25,26,27],[22,0.4,0.7,-7,[2,"19CjuS0yZMopCFzbP28x4h"],[1,0,0.75,0]],[23,-10,[2,"01FWrX+5BDqZTU9rEhRpMK"],-9,-8,[1,3,0,-0.001]],[24,3,0,-25,-11,[2,"ddRvaQKLNETJ1JwpJMQ46A"]],[25,16,-12,[2,"3biu3UCcpIPJY9oaOn931L"]]],1,4,4,4,4,4],[0,"8f07BInBdAMbYwuDlUtRzO",null,null,null,-1,0],[1,0,0,0.616],[1,0.6,0.6,0.6]],[18,"body",1,[-17,-18,-19,-20,-21,-22],[-15,-16],[0,"63f7rYcTFDvoa8FXNF1kuz",null,null,null,1,0],[3,0,1,0,6.123233995736766e-17],[1,0,180,0]],[7,"Bip001 Spine",[-23,-24,-25],[0,"feDfaIWdFK2plciV8dskly",null,null,null,1,0],[1,0.128864362835884,-0.0000965264262049459,-0.00000151875235587795],[3,0.008733645083303801,-0.00015628484837643092,0.07014568151476114,0.9974985124717906],[1,1.0095400277996882,-0.08894125391218519,8.044241004259279]],[7,"Bip001 Neck",[-26,-27,-28],[0,"91wGB/FPlG2aqUxj7+4iOy",null,null,null,1,0],[1,0.212578877806664,0.00962642673403025,2.71201123780429e-8],[3,-1.8475486040987631e-9,-3.858544725525512e-7,0.13917304918278733,0.9902680760183157],[1,0.0000061835145933861395,-0.00004551923387138154,15.999994008450503]],[15,"RootNode",2,[-29,-30],[0,"f4cMO0aJRP7JDH6yGYIuO3",null,null,null,1,0]],[19,"Bip001",5,[[[5,"Bip001 Footsteps",-31,[0,"37gKmPgPZCjqIL/F4kuJpO",null,null,null,1,0],[1,0,0,-0.555011093616486],[3,5.336032718956553e-34,-5.336045116748745e-34,0.7071059467210143,0.7071076156510959],[1,0,8.647400971870837e-32,90]],-32],4,1],[0,"16F7JEludJJZl5m1zs4vaY",null,null,null,1,0],[1,0,0.555011749267578,2.65892765582976e-8],[3,-0.5000005960460927,-0.49999940395319675,-0.49999940395319675,0.5000005960460927],[1,-90,-89.99986339621655,0]],[7,"Bip001 R Hand",[-33,-34],[0,"40Rd4OTthEvIpYZ4fXx4cc",null,null,null,1,0],[1,0.157784879207611,0,0],[3,0.7713712640366001,1.1494327545711382e-8,9.48288137629758e-9,0.6363853966100872],[1,100.95437471278932,-1.0426670758753628e-21,0.000001707547292503187]],[7,"Bip001 L Hand",[-35,-36],[0,"fc2dc2RYFCZJ8eKkIjPizg",null,null,null,1,0],[1,0.157784879207611,1.90734859017994e-8,0],[3,-0.7713712640366001,-9.48288137629758e-9,-1.1494327545711382e-8,0.6363853966100872],[1,-100.95437471278932,-0.000001707547292503187,1.0426670758753622e-21]],[20,"man01",5,[[26,1,-37,[2,"e2awhUPpJDPaaeNv0lK/4+"],[0],[27],2,1,2]],[0,"68fAYHOHhNBrdbuYqleN4v",null,null,null,1,0],[3,-0.7071067811865448,-6.181724038536759e-8,6.18172403853676e-8,0.707106781186545],[1,-89.99999999999999,0,0.000010017912624975451]],[5,"Bip001 HeadNub Socket",2,[0,"a3fMj+fgROvaKCUTwafda/",null,null,null,1,0],[1,0.003211764994766034,1.5997817658064433,0.401862081804697],[3,0.6382249427061343,0.304416336754167,0.6382234442574328,0.3044182182871203],[1,179.99969828175617,-89.99972156644235,50.99999310345662]],[5,"Bip001 L Finger0 Socket",2,[0,"dc2tjNiZRMiZNWdlIRhUwc",null,null,null,1,0],[1,0.4044576374130875,0.7350073402033275,0.19682438253871998],[3,0.7594861146494545,-0.23617056622396498,0.5899663882095634,0.1390825872893164],[1,150.03442974871643,-78.69242444752425,-11.223018219137396]],[5,"Bip001 R Finger0 Socket",2,[0,"e0ZbQ/GrxN44cTo0hXeZvE",null,null,null,1,0],[1,-0.3981768921362641,0.721348920398746,0.22124373968397648],[3,0.589968437480425,0.1390816000061651,0.7594849811461057,-0.23616967360381058],[1,-150.03456653657332,-101.3073347023432,-11.222942494688322]],[8,"Bip001 L Toe0Nub Socket",2,[0,"c9iBdIFb1J3I33s+IemN4h",null,null,null,1,0],[1,0.14722554935920712,5.669322941104227e-7,0.1106898641736441],[3,8.692152096397203e-7,0.7071077514416388,-2.4348467485473775e-8,0.7071058109295902],[1,-1.0000000000000004,1.0000000000000004,1.0000000000000004],[1,0.00007240400228873301,90.00015723667607,0.00006845835751374776]],[5,"Bip001 R Toe0Nub Socket",2,[0,"ddaQbZGnVAcpRtZc6WDAQU",null,null,null,1,0],[1,-0.14722653702355792,5.836942715831128e-7,0.11069158365778617],[3,1.3653935172672254e-9,-0.7071058093294197,-9.218054915080679e-7,0.7071077530417388],[1,-0.00007458174863363331,-89.99984250401636,-0.00007480322544117793]],[16,"Bip001 Pelvis",6,[3],[0,"66Mha2RktDJ6hvNNASSyIV",null,null,null,1,0],[3,-0.4999999925491744,-0.4999999925491744,-0.4999993070957696,0.5000007078049007],[1,-89.9999197452773,-89.9999197452773,-0.0000017074910412130916]],[1,"Bip001 Spine1",3,[-38],[0,"97S2OeEOFJya+xULIHdnaH",null,null,null,1,0],[1,0.122477792203426,-0.000117311472422443,-0.00000204287471206044],[3,0.008703324746909994,-0.0007680083334878284,-0.0000053486645510679125,0.9999618304080119],[1,0.9973393780893769,-0.08799861332914427,-0.0013788442858920892]],[1,"Bip001 Spine2",16,[4],[0,"b0EIlteSFArLjnE2fW+m4a",null,null,null,1,0],[1,0.147379070520401,-0.000119180673209485,-0.00000209562472264224],[3,0.00873570513540258,-0.00015921679675165521,0.06974851314783115,0.9975263440227861],[1,1.009709180771276,-0.08888544994828718,7.998615783602494]],[4,"Bip001 Head",4,[[9,"Bip001 HeadNub",-39,[0,"c8AOI8cU9DMI3ICXZOwBK6",null,null,null,1,0],[1,0.453705817461014,7.62939436071974e-8,-2.98023217215615e-10],[1,6.513775017009068e-12,1.3027550325206567e-11,0.0000017075470889476864]]],[0,"2auxp53PJJQ7dYEnFmQVdx",null,null,null,1,0],[1,0.0858618170022964,-0.040811650454998,-5.57303430070988e-8],[3,-0.022681111519388758,0.013018433033043304,0.06062454743509593,0.9978179953427876],[1,-2.7045015311085674,1.6584073042696874,6.91484103614892]],[1,"Bip001 R Clavicle",4,[-40],[0,"aer0qzRdFDP7LEOnq4+3ia",null,null,null,1,0],[1,-0.0536658465862274,0.0066114803776145,-0.0620000809431076],[3,-0.640553942689399,0.05653833522220025,0.7539117831406024,0.13457743643391898],[1,-164.9370563722865,98.30217067270029,7.497753750255295]],[1,"Bip001 R UpperArm",19,[-41],[0,"47cTYUxwNBiabdD98JuEqQ",null,null,null,1,0],[1,0.11127582192421,1.90734859017994e-8,-7.62939436071974e-8],[3,0.13574615410572163,-0.4198994726142828,0.015854899178534967,0.8972212863701972],[1,14.942460713184307,-49.515203018867766,-4.907582077143972]],[1,"Bip001 R Forearm",20,[7],[0,"fdlsYb4olMcbmjg25yNkPH",null,null,null,1,0],[1,0.272181123495102,4.76837147544984e-9,-1.42108543975646e-16],[3,-4.008138446956855e-18,5.20384259487526e-17,-0.2802529070033214,0.959926199307107],[1,1.4595763557884324e-15,6.638234147622797e-15,-32.55059912666805]],[4,"Bip001 R Finger0",7,[[8,"Bip001 R Finger0Nub",-42,[0,"7dpVzyTuRL5ZKd2hxXjVD6",null,null,null,1,0],[1,0.0363800786435604,0,5.32907039908674e-17],[3,-3.72529029846191e-9,2.60208521396521e-17,1,-6.12323426292584e-17],[1,-1,-1,-1],[1,-180,179.99999957311317,-7.016709615818961e-15]]],[0,"00M5rCT/JLdqG7+vUMpwgS",null,null,null,1,0],[1,0.0494820587337017,-0.00755889853462577,0.0630084201693535],[3,-0.29610421652564844,-0.389288924183099,-0.09212143532204647,0.867346567191168],[1,-35.93334851343224,-47.02782539721863,4.056362939348276]],[4,"Bip001 R Finger1",7,[[8,"Bip001 R Finger1Nub",-43,[0,"f2Ums0ER9MaYD6SBLt0x6n",null,null,null,1,0],[1,0.0418459698557854,-3.81469718035987e-8,3.81469718035987e-8],[3,2.77555756156289e-17,-7.45058059692383e-9,1,-6.12323426292584e-17],[1,-1,-1,-1],[1,179.99999914622634,-180,-7.016709628407981e-15]]],[0,"7azh3JspdK4aZmh/vN1wq/",null,null,null,1,0],[1,0.118127800524235,7.10542719878232e-17,7.10542719878232e-17],[3,0.00039815162689992023,-2.7763860110870045e-17,-2.0805628515385606e-17,0.9999999207376378],[1,0.04562481686070929,-3.180554509549813e-15,-2.385415940123387e-15]],[1,"Bip001 L Clavicle",4,[-44],[0,"74N1bTeD5Pt5hnGY/IG9N7",null,null,null,1,0],[1,-0.0536658465862274,0.00661109900102019,0.0620001219213009],[3,0.668978050143793,-0.09429130910317578,0.7300611894745015,0.10289886819831574],[1,164.01230341310946,-94.80614355719264,1.3802345788509272]],[1,"Bip001 L UpperArm",24,[-45],[0,"3982C/p7xD2KEbCQ9s5A/4",null,null,null,1,0],[1,0.111275859177113,0,-7.62939436071974e-8],[3,-0.08352427966076119,0.4608852585394014,-0.05864162768673169,0.8815722503972495],[1,-5.437838098324208,54.706190609433534,-10.392120627878956]],[1,"Bip001 L Forearm",25,[8],[0,"69ra42jodE4pcKKq0u+TQn",null,null,null,1,0],[1,0.272181123495102,-9.53674295089968e-9,-1.42108543975646e-16],[3,6.919090351022439e-19,3.15782919270944e-17,-0.2802529070033214,0.959926199307107],[1,1.2934071447407118e-15,4.14728425834733e-15,-32.55059912666805]],[4,"Bip001 L Finger0",8,[[9,"Bip001 L Finger0Nub",-46,[0,"d99f/DbnBIGI4h2WTl6aNN",null,null,null,1,0],[1,0.0363800898194313,1.42108543975646e-16,-3.81469718035987e-8],[1,-0.0000017075472893226383,-4.268868104035778e-7,8.537736526127034e-7]]],[0,"c2nf5f94RKfoh9AZkPlrWB",null,null,null,1,0],[1,0.0494821146130562,-0.00755893671885133,-0.0630084574222565],[3,0.29610421792862834,0.38928889622527857,-0.09212151026433456,0.8673465713007679],[1,35.93335220083386,47.02782470236962,4.056354540315111]],[4,"Bip001 L Finger1",8,[[10,"Bip001 L Finger1Nub",-47,[0,"e0QFTGFbhPI4C5MnvFnJ6L",null,null,null,1,0],[1,0.0418460257351398,7.62939436071974e-8,-3.81469718035987e-8]]],[0,"f1NTwppQxKYbp/3yUsh9tH",null,null,null,1,0],[1,0.118127822875977,3.81469718035987e-8,3.81469718035987e-8],[3,-0.0003981590774791896,-1.4895223428261696e-8,-1.4907088603537118e-8,0.999999920734671],[1,-0.045625670634296525,-0.0000017075468852889675,-0.0000017075467836771473]],[1,"Bip001 L Thigh",3,[-48],[0,"4d/y56fg5EHJN/Vi/gp76Y",null,null,null,1,0],[1,-0.127423480153084,0.0199340488761663,0.103567786514759],[3,0.26810976769390965,0.9622102942283536,-0.019235284931920407,-0.04357184827031071],[1,0.914296916126987,-175.0695372904239,31.173557136157207]],[1,"Bip001 L Calf",29,[-49],[0,"0eb5FUZ1RJZYuLoJDmd1EE",null,null,null,1,0],[1,0.264848709106445,-1.90734859017994e-8,9.53674295089968e-9],[3,-1.3354301751249077e-18,1.3545277077419948e-17,-0.42293566963148843,0.9061597096281454],[1,8.06228903130876e-16,2.089209395043312e-15,-50.0401356324986]],[1,"Bip001 L Foot",30,[-50],[0,"88G4n5n8BMxbklIy7W6b67",null,null,null,1,0],[1,0.254705280065536,1.43051144263495e-8,1.77635679969558e-17],[3,0.006236056622193572,-0.04598385339073205,0.23312341512647589,0.9713393177180223],[1,2.1561485222884262,-5.936348218404575,26.892011286362813]],[4,"Bip001 L Toe0",31,[[8,"Bip001 L Toe0Nub",-51,[0,"7dG41ZHoJPIbAq2oonilgS",null,null,null,1,0],[1,0.0112636275589466,0,1.77635679969558e-17],[3,-1.08024449574275e-13,3.55271410231697e-15,1,7.16665936935802e-15],[1,-1,-1,-1],[1,-179.9999999999996,179.99999999998764,8.212386701441615e-13]]],[0,"3bhSzyb+hDdaT6dSJDMNf9",null,null,null,1,0],[1,0.0863545760512352,0.111134469509125,-9.53674295089968e-9],[3,1.109856190404638e-7,7.010414271384816e-7,0.7071071388141535,0.7071064235584044],[1,0,0.000017985998559211455,90]],[1,"Bip001 R Thigh",3,[-52],[0,"4bIpX0nL5L0qQ060FZ0YUf",null,null,null,1,0],[1,-0.127742007374763,0.0163245666772127,-0.103803545236588],[3,0.26734041861100966,0.9624650367995958,0.002074918685901985,0.0467530558112469],[1,1.4038783767771938,174.04878744327527,30.984463860772802]],[1,"Bip001 R Calf",33,[-53],[0,"11dn5FCetG44z0V3TUUNlU",null,null,null,1,0],[1,0.264848709106445,0,0],[3,-3.3272939711243874e-18,1.0743635038274849e-18,-0.42293424372511035,0.906160375145961],[1,-4.568788877045785e-16,-7.737784602378704e-17,-50.039955314643855]],[1,"Bip001 R Foot",34,[-54],[0,"34PYMJrL9Pw5FptIjvG106",null,null,null,1,0],[1,0.254705280065536,4.76837147544984e-9,0],[3,-0.006235228501621293,0.045982626189771295,0.23312150375040272,0.9713398398621234],[1,-2.1559932865251312,5.9361594126716835,26.89179425585347]],[4,"Bip001 R Toe0",35,[[10,"Bip001 R Toe0Nub",-55,[0,"f4KAgpbidO5odjafQrVWMZ",null,null,null,1,0],[1,0.0112636275589466,3.63797872577655e-14,1.77635679969558e-17]]],[0,"2bP+mmUIVE/71goch3A1/h",null,null,null,1,0],[1,0.0863545760512352,0.111134462058544,-9.53674295089968e-9],[3,1.109856190404638e-7,7.010414271384816e-7,0.7071071388141535,0.7071064235584044],[1,0,0.000017985998559211455,90]],[28,2,[2,"abcIVuTCNO7oeBuQO6j4WM"],[3,4,5,6,7,8,9,10,11,12,13,14,15,16,17,18,19],[[6,"RootNode/Bip001/Bip001 Pelvis/Bip001 Spine/Bip001 Spine1/Bip001 Spine2/Bip001 Neck/Bip001 Head/Bip001 HeadNub",10],[6,"RootNode/Bip001/Bip001 Pelvis/Bip001 Spine/Bip001 Spine1/Bip001 Spine2/Bip001 Neck/Bip001 L Clavicle/Bip001 L UpperArm/Bip001 L Forearm/Bip001 L Hand/Bip001 L Finger0",11],[6,"RootNode/Bip001/Bip001 Pelvis/Bip001 Spine/Bip001 Spine1/Bip001 Spine2/Bip001 Neck/Bip001 R Clavicle/Bip001 R UpperArm/Bip001 R Forearm/Bip001 R Hand/Bip001 R Finger0",12],[6,"RootNode/Bip001/Bip001 Pelvis/Bip001 Spine/Bip001 L Thigh/Bip001 L Calf/Bip001 L Foot/Bip001 L Toe0/Bip001 L Toe0Nub",13],[6,"RootNode/Bip001/Bip001 Pelvis/Bip001 Spine/Bip001 R Thigh/Bip001 R Calf/Bip001 R Foot/Bip001 R Toe0/Bip001 R Toe0Nub",14]]],[29,true,2,[2,"c5Pk32swlAHKt2lzwJWnk9"],37,10,11,12,13,14],[17,"targetOrient",1,[0,"54ZxGpclBLRLMUIyhLCUGU",null,null,null,1,0],[3,0,1,0,6.123233995736766e-17],[1,0,180,0]],[30,2,0,0.5,false,1,[2,"2aUVgXdVlGRKiSYpWVLkGn"],[1,0,0,0]]],0,[0,4,1,0,-1,40,0,5,38,0,6,40,0,7,9,0,2,1,0,2,1,0,8,39,0,9,2,0,2,1,0,2,1,0,2,1,0,-1,2,0,-2,39,0,-1,37,0,-2,38,0,-1,5,0,-2,10,0,-3,11,0,-4,12,0,-5,13,0,-6,14,0,-1,16,0,-2,29,0,-3,33,0,-1,18,0,-2,19,0,-3,24,0,-1,6,0,-2,9,0,0,6,0,-2,15,0,-1,22,0,-2,23,0,-1,27,0,-2,28,0,2,9,0,-1,17,0,0,18,0,-1,20,0,-1,21,0,0,22,0,0,23,0,-1,25,0,-1,26,0,0,27,0,0,28,0,-1,30,0,-1,31,0,-1,32,0,0,32,0,-1,34,0,-1,35,0,-1,36,0,0,36,0,10,1,3,0,15,4,0,17,7,0,21,8,0,26,55],[0,0,0,0,0,0,0,0,0,0,0,0,0,0,0,0,0,0,0,0,0,0,0,0,0,0,0,0,0,0,0,0,0,0,0,0,0,0,0,0,0,0,0,0,0,0,37],[-1,11,12,-1,-2,-3,-4,-5,-6,-7,-8,-9,-10,-11,-12,-13,-14,-15,-16,-17,13,14,15,16,17,18,19,20,-1,-2,-3,-4,-5,-6,-7,-8,-9,-1,-2,-3,-4,-5,-6,-7,-8,-9,21],[2,5,6,3,7,8,9,10,11,12,13,14,15,16,17,18,19,20,21,22,23,24,25,26,27,28,29,2,30,31,32,33,34,35,36,37,38,39,40,41,42,43,44,45,46,47,3]],[[[3,"manRed01",[{"rasterizerState":{},"depthStencilState":{},"blendState":{"targets":[{}]}},{},{}],[{"USE_INSTANCING":true},{},{}],[[[{"roughness":0.85,"metallic":0.1},"mainColor",8,[4,4282729981],"albedoScale",8,[1,0.588235318660736,0.588235318660736,0.588235318660736]],{},{}],11,0,0]]],0,0,[0],[1],[1]],[[[3,"manGradient",[{"rasterizerState":{},"depthStencilState":{},"blendState":{"targets":[{}]}}],[{}],[[[{"speed":-1,"width":1.8,"roughness":0.85,"metallic":0},"iResolution",8,[2,1.1,1,1,1],"albedoScale",8,[1,0.35,0.35,0.35],"emissive",8,[4,4278519040]]],11]]],0,0,[0],[1],[48]],[[[3,"manAsh",[{"rasterizerState":{},"depthStencilState":{},"blendState":{"targets":[{}]}},{},{}],[{"USE_ALBEDO_MAP":true},{},{}],[[[{"occlusion":0.6,"roughness":0.6,"_fresnelScale":0.6,"_fresnelIndensity":0.8},"tilingOffset2",8,[2,1,1,0,0],"mainColor",8,[4,2522243893],"albedoScale",8,[1,0.588235318660736,0.588235318660736,0.588235318660736],"highlightColor",8,[4,2525988953],"Fresnelcol",8,[4,2520396812],"emissive",8,[4,2519608620],"mainTexture",6,0],{},{}],11,0,0]]],0,0,[0,0],[3,1],[4,0]],[[[3,"manYellow02",[{"rasterizerState":{},"depthStencilState":{},"blendState":{"targets":[{}]}},{},{}],[{"USE_ALBEDO_MAP":true},{},{}],[[[{"occlusion":1,"roughness":1,"_fresnelBase":0.9,"_fresnelScale":0.8,"_fresnelIndensity":0.8,"metallic":0},"tilingOffset2",8,[2,1,1,0,0],"mainColor",8,[4,4278252541],"albedoScale",8,[1,0.588235318660736,0.588235318660736,0.588235318660736],"highlightColor",8,[4,4283167231],"Fresnelcol",8,[4,4278245858],"emissive",8,[4,4280476671]],{},{}],11,0,0]]],0,0,[0],[1],[0]],[[[3,"manYellow01",[{"rasterizerState":{},"depthStencilState":{},"blendState":{"targets":[{}]}},{},{}],[{"USE_INSTANCING":true},{},{}],[[[{"metallic":0.1,"roughness":0.8},"mainColor",8,[4,4281190399],"albedoScale",8,[1,0.588235318660736,0.588235318660736,0.588235318660736]],{},{}],11,0,0]]],0,0,[0],[1],[1]],[[[3,"manRed02",[{"rasterizerState":{},"depthStencilState":{},"blendState":{"targets":[{}]}},{},{}],[{},{},{}],[[[{"occlusion":0.4,"roughness":1,"_fresnelIndensity":0.6,"metallic":0.8},"tilingOffset2",8,[2,1,1,0,0],"mainColor",8,[4,4278190335],"albedoScale",8,[1,0.588235318660736,0.588235318660736,0.588235318660736],"highlightColor",8,[4,4281743103],"Fresnelcol",8,[4,4278519295],"emissive",8,[4,4279177215]],{},{}],11,0,0]]],0,0,[0],[1],[0]],[[[31,"../res/shader/gradient",[{"hash":3029412987,"name":"../res/shader/gradient|standard-vs|standard-fs","blocks":[{"name":"Constants","stageFlags":17,"binding":0,"members":[{"name":"tilingOffset","type":16,"count":1},{"name":"albedo","type":16,"count":1},{"name":"albedoScaleAndCutoff","type":16,"count":1},{"name":"pbrParams","type":16,"count":1},{"name":"miscParams","type":16,"count":1},{"name":"emissive","type":16,"count":1},{"name":"emissiveScaleParam","type":16,"count":1},{"name":"colorFactor","type":16,"count":1},{"name":"iResolution","type":16,"count":1},{"name":"speed","type":13,"count":1},{"name":"width","type":13,"count":1}],"defines":[]}],"samplerTextures":[{"name":"albedoMap","type":28,"count":1,"stageFlags":16,"binding":1,"defines":["USE_ALBEDO_MAP"]},{"name":"normalMap","type":28,"count":1,"stageFlags":16,"binding":2,"defines":["USE_NORMAL_MAP"]},{"name":"pbrMap","type":28,"count":1,"stageFlags":16,"binding":3,"defines":["USE_PBR_MAP"]},{"name":"metallicRoughnessMap","type":28,"count":1,"stageFlags":16,"binding":4,"defines":["USE_METALLIC_ROUGHNESS_MAP"]},{"name":"occlusionMap","type":28,"count":1,"stageFlags":16,"binding":5,"defines":["USE_OCCLUSION_MAP"]},{"name":"emissiveMap","type":28,"count":1,"stageFlags":16,"binding":6,"defines":["USE_EMISSIVE_MAP"]}],"samplers":[],"textures":[],"buffers":[{"name":"b_ccLightsBuffer","memoryAccess":1,"stageFlags":16,"binding":7,"defines":["CC_FORWARD_ADD","CC_ENABLE_CLUSTERED_LIGHT_CULLING"]},{"name":"b_clusterLightIndicesBuffer","memoryAccess":1,"stageFlags":16,"binding":8,"defines":["CC_FORWARD_ADD","CC_ENABLE_CLUSTERED_LIGHT_CULLING"]},{"name":"b_clusterLightGridBuffer","memoryAccess":1,"stageFlags":16,"binding":9,"defines":["CC_FORWARD_ADD","CC_ENABLE_CLUSTERED_LIGHT_CULLING"]}],"images":[],"subpassInputs":[],"attributes":[{"name":"a_position","format":32,"location":0,"defines":[]},{"name":"a_normal","format":32,"location":1,"defines":[]},{"name":"a_texCoord","format":21,"location":2,"defines":[]},{"name":"a_tangent","format":44,"location":3,"defines":[]},{"name":"a_joints","location":4,"defines":["CC_USE_SKINNING"]},{"name":"a_weights","format":44,"location":5,"defines":["CC_USE_SKINNING"]},{"name":"a_jointAnimInfo","format":44,"isInstanced":true,"location":6,"defines":["USE_INSTANCING","CC_USE_BAKED_ANIMATION"]},{"name":"a_matWorld0","format":44,"isInstanced":true,"location":7,"defines":["USE_INSTANCING"]},{"name":"a_matWorld1","format":44,"isInstanced":true,"location":8,"defines":["USE_INSTANCING"]},{"name":"a_matWorld2","format":44,"isInstanced":true,"location":9,"defines":["USE_INSTANCING"]},{"name":"a_lightingMapUVParam","format":44,"isInstanced":true,"location":10,"defines":["USE_INSTANCING","CC_USE_LIGHTMAP"]},{"name":"a_localShadowBiasAndProbeId","format":44,"isInstanced":true,"location":11,"defines":["USE_INSTANCING"]},{"name":"a_reflectionProbeData","format":44,"isInstanced":true,"location":12,"defines":["USE_INSTANCING","CC_USE_REFLECTION_PROBE"]},{"name":"a_sh_linear_const_r","format":44,"isInstanced":true,"location":13,"defines":["USE_INSTANCING","CC_USE_LIGHT_PROBE"]},{"name":"a_sh_linear_const_g","format":44,"isInstanced":true,"location":14,"defines":["USE_INSTANCING","CC_USE_LIGHT_PROBE"]},{"name":"a_sh_linear_const_b","format":44,"isInstanced":true,"location":15,"defines":["USE_INSTANCING","CC_USE_LIGHT_PROBE"]},{"name":"a_vertexId","format":11,"location":16,"defines":["CC_USE_MORPH"]},{"name":"a_color","format":44,"location":17,"defines":["USE_VERTEX_COLOR"]},{"name":"a_texCoord1","format":21,"location":18,"defines":[]}],"fragColors":[{"name":"fragColorX","typename":"vec4","type":16,"count":1,"stageFlags":16,"location":0,"defines":["CC_FORWARD_ADD"]},{"name":"albedoOut","typename":"vec4","type":16,"count":1,"stageFlags":16,"location":1,"defines":["CC_FORWARD_ADD","CC_PIPELINE_TYPE"]},{"name":"emissiveOut","typename":"vec4","type":16,"count":1,"stageFlags":16,"location":2,"defines":["CC_FORWARD_ADD","CC_PIPELINE_TYPE"]},{"name":"normalOut","typename":"vec4","type":16,"count":1,"stageFlags":16,"location":3,"defines":["CC_FORWARD_ADD","CC_PIPELINE_TYPE"]}],"descriptors":[{"rate":0,"blocks":[{"name":"CCMorph","stageFlags":1,"tags":{"builtin":"local"},"members":[{"name":"cc_displacementWeights","typename":"vec4","type":16,"count":15,"isArray":true},{"name":"cc_displacementTextureInfo","typename":"vec4","type":16,"count":1}],"defines":["CC_USE_MORPH"]},{"name":"CCSkinningTexture","stageFlags":1,"tags":{"builtin":"local"},"members":[{"name":"cc_jointTextureInfo","typename":"vec4","type":16,"count":1,"precision":"highp "}],"defines":["CC_USE_SKINNING","CC_USE_BAKED_ANIMATION"]},{"name":"CCSkinningAnimation","stageFlags":1,"tags":{"builtin":"local"},"members":[{"name":"cc_jointAnimInfo","typename":"vec4","type":16,"count":1,"precision":"highp "}],"defines":["CC_USE_SKINNING","CC_USE_BAKED_ANIMATION"]},{"name":"CCSkinning","stageFlags":1,"tags":{"builtin":"local"},"members":[{"name":"cc_joints","typename":"vec4","type":16,"count":0,"precision":"highp ","isArray":true}],"defines":["CC_USE_SKINNING","!CC_USE_BAKED_ANIMATION","!CC_USE_REAL_TIME_JOINT_TEXTURE"]},{"name":"CCLocal","stageFlags":17,"tags":{"builtin":"local"},"members":[{"name":"cc_matWorld","typename":"mat4","type":25,"count":1,"precision":"highp "},{"name":"cc_matWorldIT","typename":"mat4","type":25,"count":1,"precision":"highp "},{"name":"cc_lightingMapUVParam","typename":"vec4","type":16,"count":1,"precision":"highp "},{"name":"cc_localShadowBias","typename":"vec4","type":16,"count":1,"precision":"highp "},{"name":"cc_reflectionProbeData1","typename":"vec4","type":16,"count":1,"precision":"highp "},{"name":"cc_reflectionProbeData2","typename":"vec4","type":16,"count":1,"precision":"highp "},{"name":"cc_reflectionProbeBlendData1","typename":"vec4","type":16,"count":1,"precision":"highp "},{"name":"cc_reflectionProbeBlendData2","typename":"vec4","type":16,"count":1,"precision":"highp "}],"defines":["!USE_INSTANCING"]},{"name":"CCSH","stageFlags":16,"tags":{"builtin":"local"},"members":[{"name":"cc_sh_linear_const_r","typename":"vec4","type":16,"count":1},{"name":"cc_sh_linear_const_g","typename":"vec4","type":16,"count":1},{"name":"cc_sh_linear_const_b","typename":"vec4","type":16,"count":1},{"name":"cc_sh_quadratic_r","typename":"vec4","type":16,"count":1},{"name":"cc_sh_quadratic_g","typename":"vec4","type":16,"count":1},{"name":"cc_sh_quadratic_b","typename":"vec4","type":16,"count":1},{"name":"cc_sh_quadratic_a","typename":"vec4","type":16,"count":1}],"defines":["CC_USE_LIGHT_PROBE","!USE_INSTANCING"]},{"name":"CCForwardLight","stageFlags":16,"tags":{"builtin":"local"},"members":[{"name":"cc_lightPos","typename":"vec4","type":16,"count":0,"precision":"highp ","isArray":true},{"name":"cc_lightColor","typename":"vec4","type":16,"count":0,"isArray":true},{"name":"cc_lightSizeRangeAngle","typename":"vec4","type":16,"count":0,"isArray":true},{"name":"cc_lightDir","typename":"vec4","type":16,"count":0,"isArray":true},{"name":"cc_lightBoundingSizeVS","typename":"vec4","type":16,"count":0,"isArray":true}],"defines":["CC_FORWARD_ADD","CC_ENABLE_CLUSTERED_LIGHT_CULLING"]}],"samplerTextures":[{"name":"cc_PositionDisplacements","typename":"sampler2D","type":28,"count":1,"stageFlags":1,"tags":{"builtin":"local"},"defines":["CC_USE_MORPH","CC_MORPH_TARGET_HAS_POSITION"]},{"name":"cc_NormalDisplacements","typename":"sampler2D","type":28,"count":1,"stageFlags":1,"tags":{"builtin":"local"},"defines":["CC_USE_MORPH","CC_MORPH_TARGET_HAS_NORMAL"]},{"name":"cc_TangentDisplacements","typename":"sampler2D","type":28,"count":1,"stageFlags":1,"tags":{"builtin":"local"},"defines":["CC_USE_MORPH","CC_MORPH_TARGET_HAS_TANGENT"]},{"name":"cc_jointTexture","typename":"sampler2D","type":28,"count":1,"precision":"highp ","stageFlags":1,"tags":{"builtin":"local"},"defines":["CC_USE_SKINNING","CC_USE_BAKED_ANIMATION"]},{"name":"cc_realtimeJoint","typename":"sampler2D","type":28,"count":1,"precision":"highp ","stageFlags":1,"tags":{"builtin":"local"},"defines":["CC_USE_SKINNING","!CC_USE_BAKED_ANIMATION","CC_USE_REAL_TIME_JOINT_TEXTURE"]},{"name":"cc_reflectionProbeCubemap","typename":"samplerCube","type":31,"count":1,"stageFlags":16,"tags":{"builtin":"local"},"defines":["CC_USE_REFLECTION_PROBE"]},{"name":"cc_reflectionProbePlanarMap","typename":"sampler2D","type":28,"count":1,"stageFlags":16,"tags":{"builtin":"local"},"defines":["CC_USE_REFLECTION_PROBE"]},{"name":"cc_reflectionProbeDataMap","typename":"sampler2D","type":28,"count":1,"stageFlags":16,"tags":{"builtin":"local"},"defines":["CC_USE_REFLECTION_PROBE"]},{"name":"cc_reflectionProbeBlendCubemap","typename":"samplerCube","type":31,"count":1,"stageFlags":16,"tags":{"builtin":"local"},"defines":["CC_USE_REFLECTION_PROBE"]},{"name":"cc_lightingMap","typename":"sampler2D","type":28,"count":1,"stageFlags":16,"tags":{"builtin":"local"},"defines":["CC_USE_LIGHTMAP","!CC_FORWARD_ADD"]}],"samplers":[],"textures":[],"buffers":[],"images":[],"subpassInputs":[]},{"rate":1,"blocks":[{"name":"Constants","stageFlags":17,"binding":0,"members":[{"name":"tilingOffset","type":16,"count":1},{"name":"albedo","type":16,"count":1},{"name":"albedoScaleAndCutoff","type":16,"count":1},{"name":"pbrParams","type":16,"count":1},{"name":"miscParams","type":16,"count":1},{"name":"emissive","type":16,"count":1},{"name":"emissiveScaleParam","type":16,"count":1},{"name":"colorFactor","type":16,"count":1},{"name":"iResolution","type":16,"count":1},{"name":"speed","type":13,"count":1},{"name":"width","type":13,"count":1}],"defines":[]}],"samplerTextures":[{"name":"albedoMap","type":28,"count":1,"stageFlags":16,"binding":1,"defines":["USE_ALBEDO_MAP"]},{"name":"normalMap","type":28,"count":1,"stageFlags":16,"binding":2,"defines":["USE_NORMAL_MAP"]},{"name":"pbrMap","type":28,"count":1,"stageFlags":16,"binding":3,"defines":["USE_PBR_MAP"]},{"name":"metallicRoughnessMap","type":28,"count":1,"stageFlags":16,"binding":4,"defines":["USE_METALLIC_ROUGHNESS_MAP"]},{"name":"occlusionMap","type":28,"count":1,"stageFlags":16,"binding":5,"defines":["USE_OCCLUSION_MAP"]},{"name":"emissiveMap","type":28,"count":1,"stageFlags":16,"binding":6,"defines":["USE_EMISSIVE_MAP"]}],"samplers":[],"textures":[],"buffers":[{"name":"b_ccLightsBuffer","memoryAccess":1,"stageFlags":16,"binding":7,"defines":["CC_FORWARD_ADD","CC_ENABLE_CLUSTERED_LIGHT_CULLING"]},{"name":"b_clusterLightIndicesBuffer","memoryAccess":1,"stageFlags":16,"binding":8,"defines":["CC_FORWARD_ADD","CC_ENABLE_CLUSTERED_LIGHT_CULLING"]},{"name":"b_clusterLightGridBuffer","memoryAccess":1,"stageFlags":16,"binding":9,"defines":["CC_FORWARD_ADD","CC_ENABLE_CLUSTERED_LIGHT_CULLING"]}],"images":[],"subpassInputs":[]},{"rate":2,"blocks":[],"samplerTextures":[],"samplers":[],"textures":[],"buffers":[],"images":[],"subpassInputs":[]},{"rate":3,"blocks":[{"name":"CCGlobal","stageFlags":17,"tag